 -0.437532 0.413946 0.000000
 -0.542251 0.796836 0.000000
 -0.890896 1.123066 0.000000
 -0.832229 0.821913 0.000000
 -0.528232 0.237293 0.000000
 -0.016407 -0.032815 0.000000
 0.478402 0.371465 0.000000
 0.929180 1.456664 0.000000
 0.662103 1.306283 0.000000
 -0.024760 0.305000 0.000000
 0.392049 0.779663 0.000000
 0.460990 1.020640 0.000000
 0.178175 0.446621 0.000000
 0.762371 1.382841 0.000000
 0.534201 1.122443 0.000000
 0.326131 0.585796 0.000000
 0.436091 0.931599 0.000000
 0.293893 0.095492 0.000000
 0.670976 0.889453 0.000000
 0.146946 0.047746 0.000000
 0.591097 0.627725 0.000000
 0.364271 0.214336 0.000000
 0.745387 1.047268 0.000000
 0.888329 1.292073 0.000000
 0.866536 1.197472 0.000000
 0.965725 1.360240 0.000000
 -0.671736 0.996876 0.000000
 -0.764603 0.974165 0.000000
 -0.647352 0.590043 0.000000
 -0.310300 0.062677 0.000000
 -0.612269 0.902131 0.000000
 -0.919609 1.021881 0.000000
 -0.715078 0.731222 0.000000
 -0.457246 0.110422 0.000000
 -0.752303 1.102171 0.000000
 -0.897910 0.917629 0.000000
 -0.631786 0.405819 0.000000
 -0.163354 0.014931 0.000000
 -0.163354 0.014931 0.000000